1215159341
1215159357
1215159358
1215159362
1215159342
1215159376
1215159354
1215159410
1215159353
1215159404
1215159405
1215159408
1215159413
1215159435
1215159450
1215159441
1215159473
1215159459
1215159442
1215159438
1215159446
1215159451
1215159474
1215159453
1215159465
1215159466
1215159437
1215159467
1215159449
1215159440
1215159452
1215159460
1215159479
1215159468
1215159443
1215159436
1215159444
1215159484
1215159483
1215159463
1215159455
1215159520
1215159496
1215159470
1215159454
1215159447
1215159480
1215159519
1215159456
1215159445
1215159498
1215159486
1215159488
1215159482
1215159458
1215159439
1215159461
1215159525
1215159523
1215159491
1215159489
1215159485
1215159471
1215159500
1215159494
1215159462
1215159448
1215159472
1215159464
1215159505
1215159507
1215159511
1215159518
1215159515
1215159492
1215159476
1215159457
1215159529
1215159469
1215159506
1215159490
1215159477
1215159535
1215159524
1215159528
1215159495
1215159475
1215159533
1215159481
1215159499
1215159503
1215159504
1215159509
1215159478
1215159487
1215159532
1215159517
1215159501
1215159510
1215159513
1215159502
1215159527
1215159530
1215159497
1215159512
1215159508
1215159521
1215159493
1215159514
1215159531
1215159516
1215159534
1215159538
1215159544
1215159526
1215159545
1215159522
1215159541
1215159537
1215159563
1215159536
1215159562
1215159542
1215159557
1215159547
1215159546
1215159540
1215159565
1215159550
1215159558
1215159554
1215159577
1215159543
1215159539
1215159568
1215159561
1215159549
1215159564
1215159574
1215159595
1215159548
1215159566
1215159583
1215159597
1215159560
1215159585
1215159553
1215159567
1215159581
1215159596
1215159552
1215159559
1215159590
1215159582
1215159551
1215159588
1215159569
1215159555
1215159576
1215159584
1215159613
1215159608
1215159598
1215159586
1215159601
1215159578
1215159556
1215159591
1215159618
1215159631
1215159614
1215159604
1215159570
1215159575
1215159571
1215159600
1215159579
1215159580
1215159624
1215159620
1215159610
1215159605
1215159629
1215159627
1215159603
1215159572
1215159623
1215159587
1215159609
1215159606
1215159573
1215159593
1215159622
1215159589
1215159625
1215159594
1215159612
1215159628
1215159592
1215159626
1215159616
1215159630
1215159599
1215159615
1215159633
1215159602
1215159619
1215159621
1215159611
1215159617
1215159632
1215159607
1215159635
1215159640
1215159637
1215159659
1215159646
1215159643
1215159638
1215159644
1215159645
1215159657
1215159677
1215159636
1215159641
1215159647
1215159676
1215159658
1215159650
1215159660
1215159665
1215159661
1215159655
1215159642
1215159639
1215159653
1215159649
1215159669
1215159682
1215159666
1215159668
1215159680
1215159722
1215159673
1215159690
1215159694
1215159691
1215159648
1215159683
1215159663
1215159685
1215159678
1215159705
1215159652
1215159664
1215159671
1215159651
1215159706
1215159700
1215159674
1215159692
1215159689
1215159698
1215159681
1215159688
1215159708
1215159703
1215159634
1215159654
1215159693
1215159715
1215159723
1215159714
1215159716
1215159684
1215159704
1215159720
1215159679
1215159712
1215159656
1215159711
1215159672
1215159717
1215159686
1215159725
1215159729
1215159701
1215159697
1215159713
1215159719
1215159662
1215159721
1215159667
1215159726
1215159730
1215159675
1215159724
1215159728
1215159670
1215159718
1215159687
1215159727
1215159732
1215159707
1215159699
1215159695
1215159696
1215159709
1215159702
1215159733
1215159710
1215159731
1215159739
1215159736
1215159769
1215159735
1215159743
1215159753
1215159737
1215159750
1215159734
1215159774
1215159777
1215159741
1215159752
1215159755
1215159738
1215159746
1215159758
1215159749
1215159757
1215159767
1215159778
1215159751
1215159740
1215159781
1215159754
1215159745
1215159742
1215159790
1215159744
1215159761
1215159780
1215159765
1215159762
1215159770
1215159772
1215159756
1215159783
1215159786
1215159764
1215159776
1215159747
1215159759
1215159760
1215159748
1215159784
1215159813
1215159789
1215159768
1215159803
1215159787
1215159775
1215159799
1215159788
1215159782
1215159763
1215159810
1215159785
1215159800
1215159816
1215159779
1215159814
1215159793
1215159791
1215159801
1215159827
1215159771
1215159821
1215159773
1215159795
1215159794
1215159809
1215159802
1215159830
1215159766
1215159804
1215159796
1215159826
1215159822
1215159792
1215159805
1215159806
1215159798
1215159812
1215159820
1215159797
1215159819
1215159807
1215159817
1215159815
1215159829
1215159811
1215159823
1215159818
1215159825
1215159808
1215159824
1215159828
1215159848
1215159849
1215159850
1215159853
1215159840
1215159837
1215159839
1215159833
1215159832
1215159841
1215159864
1215159874
1215159838
1215159846
1215159872
1215159835
1215159834
1215159852
1215159843
1215159842
1215159858
1215159836
1215159831
1215159851
1215159869
1215159845
1215159914
1215159867
1215159856
1215159883
1215159878
1215159885
1215159844
1215159865
1215159855
1215159854
1215159857
1215159859
1215159898
1215159866
1215159860
1215159907
1215159847
1215159927
1215159868
1215159871
1215159861
1215159870
1215159873
1215159909
1215159863
1215159886
1215159892
1215159880
1215159879
1215159890
1215159881
1215159895
1215159876
1215159862
1215159897
1215159888
1215159875
1215159882
1215159908
1215159910
1215159887
1215159891
1215159903
1215159893
1215159928
1215159900
1215159912
1215159913
1215159915
1215159911
1215159884
1215159916
1215159877
1215159894
1215159889
1215159896
1215159917
1215159921
1215159919
1215159899
1215159918
1215159923
1215159922
1215159901
1215159924
1215159925
1215159905
1215159920
1215159926
1215159929
1215159906
1215159945
1215159933
1215159935
1215159949
1215159931
1215159959
1215159944
1215159963
1215159938
1215159930
1215159934
1215159943
1215159939
1215159946
1215159948
1215159953
1215159950
1215159932
1215159947
1215159951
1215159940
1215159965
1215159976
1215159958
1215159954
1215159970
1215159979
1215159936
1215159960
1215159983
1215159941
1215159993
1215159972
1215159975
1215159971
1215159961
1215159952
1215159992
1215159937
1215159957
1215159974
1215159962
1215159984
1215159966
1215160023
1215159942
1215159964
1215159977
1215159955
1215159987
1215159997
1215159995
1215159969
1215159990
1215159986
1215159989
1215159967
1215159956
1215159998
1215159988
1215160002
1215159994
1215160009
1215159981
1215160001
1215160015
1215159968
1215159978
1215160010
1215159991
1215159999
1215160021
1215160000
1215159982
1215160004
1215159985
1215159980
1215160014
1215160025
1215160012
1215160003
1215160016
1215160007
1215159996
1215160005
1215160006
1215160024
1215160027
1215160019
1215160017
1215160020
1215160018
1215160022
1215159973
1215160011
1215160008
1215160052
1215160013
1215160026
1215160041
1215160037
1215160042
1215160028
1215160031
1215160040
1215160043
1215160048
1215160061
1215160035
1215160045
1215160057
1215160049
1215160047
1215160032
1215160093
1215160058
1215160080
1215160059
1215160046
1215160053
1215160056
1215160096
1215160072
1215160075
1215160067
1215160038
1215160029
1215160062
1215160083
1215160076
1215160106
1215160082
1215160102
1215160104
1215160116
1215160030
1215160066
1215160077
1215160094
1215160070
1215160110
1215160051
1215160119
1215160078
1215160084
1215160085
1215160079
1215160065
1215160033
1215160100
1215160107
1215160054
1215160068
1215160087
1215160108
1215160095
1215160034
1215160120
1215160112
1215160036
1215160109
1215160098
1215160071
1215160073
1215160105
1215160074
1215160118
1215160090
1215160097
1215160092
1215160099
1215160121
1215160039
1215160050
1215160055
1215160114
1215160091
1215160088
1215160089
1215160111
1215160101
1215160115
1215160113
1215160117
1215160063
1215160064
1215160060
1215160081
1215160069
1215160044
1215160139
1215160103
1215160086
1215160157
1215160134
1215160128
1215160125
1215160126
1215160127
1215160145
1215160152
1215160135
1215160136
1215160130
1215160122
1215160144
1215160137
1215160141
1215160133
1215160182
1215160147
1215160161
1215160129
1215160138
1215160187
1215160146
1215160140
1215160155
1215160143
1215160142
1215160168
1215160153
1215160151
1215160123
1215160192
1215160167
1215160185
1215160181
1215160199
1215160149
1215160156
1215160162
1215160209
1215160124
1215160217
1215160159
1215160191
1215160173
1215160189
1215160169
1215160201
1215160154
1215160175
1215160211
1215160203
1215160165
1215160172
1215160197
1215160148
1215160208
1215160176
1215160204
1215160210
1215160158
1215160202
1215160212
1215160170
1215160163
1215160206
1215160183
1215160198
1215160195
1215160205
1215160216
1215160196
1215160164
1215160207
1215160215
1215160178
1215160188
1215160194
1215160186
1215160184
1215160150
1215160160
1215160190
1215160193
1215160213
1215160131
1215160166
1215160171
1215160177
1215160179
1215160180
1215160200
1215160214
1215160235
1215160234
1215160226
1215160221
1215160222
1215160219
1215160296
1215160218
1215160229
1215160132
1215160233
1215160245
1215160230
1215160249
1215160262
1215160236
1215160298
1215160223
1215160247
1215160252
1215160220
1215160224
1215160261
1215160227
1215160238
1215160225
1215160285
1215160263
1215160239
1215160241
1215160301
1215160248
1215160231
1215160291
1215160250
1215160243
1215160311
1215160228
1215160244
1215160264
1215160259
1215160265
1215160307
1215160281
1215160254
1215160253
1215160312
1215160266
1215160267
1215160232
1215160278
1215160240
1215160257
1215160269
1215160272
1215160284
1215160260
1215160237
1215160279
1215160287
1215160271
1215160277
1215160283
1215160242
1215160306
1215160304
1215160294
1215160246
1215160280
1215160251
1215160268
1215160310
1215160288
1215160282
1215160313
1215160305
1215160300
1215160290
1215160274
1215160293
1215160297
1215160303
1215160309
1215160292
1215160255
1215160286
1215160289
1215160302
1215160308
1215160256
1215160270
1215160299
1215160275
1215160273
1215160258
1215160316
1215160295
1215160276
1215160331
1215160348
1215160317
1215160350
1215160314
1215160327
1215160322
1215160318
1215160351
1215160336
1215160342
1215160320
1215160332
1215160368
1215160335
1215160366
1215160363
1215160343
1215160328
1215160325
1215160338
1215160370
1215160362
1215160349
1215160352
1215160369
1215160390
1215160334
1215160341
1215160321
1215160330
1215160391
1215160333
1215160354
1215160374
1215160337
1215160355
1215160358
1215160393
1215160376
1215160340
1215160356
1215160375
1215160323
1215160359
1215160388
1215160396
1215160373
1215160392
1215160324
1215160315
1215160378
1215160400
1215160319
1215160357
1215160394
1215160395
1215160398
1215160361
1215160345
1215160360
1215160381
1215160397
1215160347
1215160339
1215160371
1215160403
1215160372
1215160365
1215160384
1215160406
1215160377
1215160382
1215160364
1215160387
1215160379
1215160385
1215160383
1215160386
1215160399
1215160405
1215160404
1215160389
1215160402
1215160401
1215160329
1215160326
1215160344
1215160346
1215160367
1215160353
1215160422
1215160410
1215160408
1215160424
1215160407
1215160428
1215160440
1215160427
1215160411
1215160429
1215160409
1215160425
1215160432
1215160438
1215160417
1215160413
1215160470
1215160412
1215160442
1215160416
1215160458
1215160448
1215160437
1215160473
1215160430
1215160414
1215160420
1215160445
1215160415
1215160471
1215160418
1215160433
1215160452
1215160479
1215160487
1215160443
1215160446
1215160419
1215160444
1215160497
1215160461
1215160447
1215160502
1215160421
1215160477
1215160431
1215160435
1215160484
1215160434
1215160480
1215160441
1215160495
1215160463
1215160485
1215160454
1215160462
1215160449
1215160439
1215160469
1215160436
1215160451
1215160494
1215160474
1215160467
1215160464
1215160478
1215160488
1215160489
1215160450
1215160493
1215160498
1215160501
1215160499
1215160455
1215160486
1215160453
1215160466
1215160500
1215160456
1215160491
1215160465
1215160475
1215160492
1215160468
1215160482
1215160490
1215160476
1215160423
1215160457
1215160426
1215160459
1215160460
1215160472
1215160481
1215160483
1215160496
1215160507
1215160518
1215160519
1215160523
1215160509
1215160517
1215160521
1215160542
1215160534
1215160537
1215160526
1215160520
1215160508
1215160524
1215160545
1215160516
1215160529
1215160543
1215160522
1215160504
1215160511
1215160535
1215160506
1215160536
1215160510
1215160558
1215160559
1215160531
1215160503
1215160525
1215160538
1215160527
1215160541
1215160532
1215160561
1215160539
1215160547
1215160530
1215160563
1215160540
1215160549
1215160513
1215160512
1215160551
1215160568
1215160548
1215160560
1215160564
1215160528
1215160544
1215160550
1215160552
1215160562
1215160587
1215160584
1215160556
1215160577
1215160515
1215160546
1215160533
1215160554
1215160580
1215160566
1215160553
1215160586
1215160588
1215160571
1215160573
1215160578
1215160565
1215160589
1215160569
1215160583
1215160594
1215160572
1215160598
1215160582
1215160555
1215160581
1215160575
1215160576
1215160590
1215160593
1215160595
1215160585
1215160596
1215160505
1215160514
1215160557
1215160574
1215160567
1215160579
1215160592
1215160591
1215160570
1215160631
1215160597
1215160616
1215160599
1215160611
1215160604
1215160630
1215160614
1215160607
1215160612
1215160617
1215160615
1215160632
1215160635
1215160620
1215160622
1215160621
1215160619
1215160600
1215160634
1215160627
1215160625
1215160618
1215160626
1215160628
1215160638
1215160633
1215160656
1215160637
1215160601
1215160643
1215160603
1215160605
1215160660
1215160642
1215160650
1215160636
1215160641
1215160647
1215160686
1215160670
1215160639
1215160680
1215160651
1215160608
1215160644
1215160606
1215160688
1215160685
1215160640
1215160653
1215160645
1215160668
1215160629
1215160610
1215160690
1215160655
1215160664
1215160662
1215160613
1215160669
1215160654
1215160666
1215160691
1215160663
1215160677
1215160648
1215160675
1215160672
1215160667
1215160682
1215160657
1215160674
1215160683
1215160678
1215160659
1215160673
1215160658
1215160681
1215160671
1215160661
1215160679
1215160687
1215160676
1215160684
1215160602
1215160623
1215160609
1215160689
1215160624
1215160649
1215160646
1215160665
1215160710
1215160745
1215160652
1215160692
1215160694
1215160728
1215160695
1215160769
1215160700
1215160706
1215160735
1215160701
1215160772
1215160707
1215160704
1215160737
1215160724
1215160740
1215160754
1215160764
1215160761
1215160746
1215160765
1215160770
1215160768
1215160755
1215160774
1215160775
1215160709
1215160777
1215160733
1215160751
1215160727
1215160729
1215160753
1215160716
1215160773
1215160711
1215160725
1215160749
1215160731
1215160730
1215160693
1215160719
1215160715
1215160712
1215160698
1215160696
1215160699
1215160703
1215160702
1215160726
1215160741
1215160705
1215160717
1215160714
1215160708
1215160744
1215160732
1215160713
1215160776
1215160734
1215160778
1215160720
1215160736
1215160723
1215160722
1215160752
1215160738
1215160742
1215160779
1215160780
1215160743
1215160757
1215160739
1215160750
1215160748
1215160763
1215160762
1215160760
1215160756
1215160697
1215160718
1215160767
1215160766
1215160758
1215160721
1215160747
1215160781
1215160784
1215160759
1215160785
1215160782
1215160771
1215160788
1215160790
1215160783
1215160814
1215160813
1215160805
1215160786
1215160789
1215160791
1215160793
1215160810
1215160801
1215160840
1215160808
1215160792
1215160807
1215160798
1215160844
1215160799
1215160796
1215160811
1215160804
1215160800
1215160817
1215160857
1215160794
1215160853
1215160797
1215160831
1215160803
1215160838
1215160795
1215160815
1215160825
1215160802
1215160787
1215160821
1215160848
1215160834
1215160820
1215160868
1215160826
1215160822
1215160823
1215160837
1215160871
1215160824
1215160849
1215160841
1215160846
1215160827
1215160854
1215160842
1215160806
1215160828
1215160856
1215160830
1215160836
1215160874
1215160859
1215160843
1215160850
1215160869
1215160833
1215160809
1215160829
1215160852
1215160862
1215160855
1215160812
1215160832
1215160860
1215160845
1215160867
1215160816
1215160872
1215160877
1215160851
1215160878
1215160875
1215160864
1215160870
1215160835
1215160861
1215160818
1215160873
1215160866
1215160876
1215160847
1215160858
1215160819
1215160839
1215160863
1215160865
1215160885
1215160882
1215160903
1215160890
1215160888
1215160886
1215160883
1215160906
1215160879
1215160892
1215160894
1215160887
1215160896
1215160900
1215160881
1215160880
1215160918
1215160934
1215160898
1215160956
1215160905
1215160899
1215160891
1215160902
1215160901
1215160889
1215160940
1215160910
1215160937
1215160911
1215160920
1215160935
1215160919
1215160895
1215160904
1215160939
1215160893
1215160948
1215160945
1215160907
1215160884
1215160908
1215160917
1215160924
1215160913
1215160927
1215160944
1215160916
1215160925
1215160947
1215160922
1215160965
1215160897
1215160929
1215160967
1215160954
1215160933
1215160970
1215160928
1215160949
1215160952
1215160938
1215160969
1215160955
1215160921
1215160951
1215160930
1215160936
1215160961
1215160957
1215160946
1215160931
1215160926
1215160941
1215160912
1215160923
1215160932
1215160958
1215160909
1215160950
1215160914
1215160966
1215160953
1215160959
1215160960
1215160962
1215160964
1215160915
1215160963
1215160942
1215160943
1215160968
1215160982
1215160973
1215160990
1215160974
1215160978
1215160983
1215160981
1215160971
1215161000
1215160972
1215161031
1215160977
1215161004
1215160975
1215160979
1215161017
1215161019
1215160997
1215160984
1215161034
1215160986
1215161023
1215160985
1215161024
1215161014
1215160988
1215161040
1215160994
1215160993
1215161049
1215161002
1215161043
1215161048
1215160980
1215160987
1215161007
1215161027
1215161010
1215161015
1215160999
1215161041
1215160991
1215161038
1215161013
1215161009
1215161036
1215160989
1215161020
1215161003
1215161016
1215161021
1215161028
1215160996
1215160992
1215161051
1215161005
1215160995
1215161044
1215161035
1215161055
1215161029
1215161037
1215161026
1215161039
1215161047
1215161012
1215161032
1215161053
1215161052
1215161008
1215161011
1215161030
1215160976
1215160998
1215161046
1215161033
1215161045
1215161001
1215161018
1215161006
1215161054
1215161050
1215161022
1215161042
1215161060
1215161025
1215161093
1215161062
1215161075
1215161079
1215161059
1215161061
1215161094
1215161071
1215161066
1215161110
1215161065
1215161069
1215161056
1215161064
1215161057
1215161068
1215161063
1215161067
1215161058
1215161100
1215161072
1215161111
1215161081
1215161084
1215161080
1215161077
1215161109
1215161078
1215161082
1215161074
1215161070
1215161091
1215161083
1215161122
1215161095
1215161097
1215161073
1215161112
1215161114
1215161086
1215161085
1215161088
1215161092
1215161108
1215161118
1215161123
1215161104
1215161098
1215161133
1215161090
1215161076
1215161101
1215161121
1215161096
1215161087
1215161134
1215161107
1215161102
1215161136
1215161113
1215161106
1215161142
1215161089
1215161103
1215161099
1215161137
1215161143
1215161105
1215161128
1215161126
1215161129
1215161116
1215161125
1215161115
1215161117
1215161141
1215161135
1215161130
1215161120
1215161131
1215161132
1215161119
1215161140
1215161138
1215161144
1215161124
1215161145
1215161147
1215161139
1215161146
1215161157
1215161177
1215161158
1215161151
1215161150
1215161160
1215161176
1215161180
1215161169
1215161149
1215161184
1215161178
1215161148
1215161162
1215161165
1215161172
1215161168
1215161153
1215161183
1215161174
1215161152
1215161159
1215161163
1215161154
1215161186
1215161190
1215161193
1215161161
1215161175
1215161202
1215161185
1215161156
1215161181
1215161226
1215161173
1215161155
1215161170
1215161203
1215161206
1215161223
1215161187
1215161238
1215161229
1215161188
1215161207
1215161210
1215161208
1215161166
1215161171
1215161167
1215161192
1215161189
1215161195
1215161219
1215161214
1215161205
1215161199
1215161209
1215161232
1215161191
1215161218
1215161225
1215161194
1215161217
1215161220
1215161204
1215161197
1215161237
1215161231
1215161233
1215161224
1215161211
1215161196
1215161215
1215161227
1215161236
1215161234
1215161198
1215161235
1215161201
1215161239
1215161221
1215161200
1215161228
1215161222
1215161179
1215161164
1215161182
1215161216
1215161230
1215161212
1215161213
1215161256
1215161240
1215161253
1215161271
1215161260
1215161241
1215161254
1215161255
1215161270
1215161248
1215161242
1215161258
1215161243
1215161257
1215161293
1215161269
1215161244
1215161262
1215161280
1215161251
1215161249
1215161273
1215161272
1215161252
1215161296
1215161261
1215161285
1215161282
1215161268
1215161276
1215161288
1215161319
1215161267
1215161300
1215161277
1215161308
1215161309
1215161321
1215161274
1215161278
1215161331
1215161283
1215161264
1215161259
1215161287
1215161290
1215161245
1215161250
1215161324
1215161292
1215161275
1215161312
1215161295
1215161286
1215161294
1215161297
1215161263
1215161302
1215161279
1215161303
1215161281
1215161306
1215161265
1215161315
1215161298
1215161320
1215161289
1215161322
1215161327
1215161284
1215161291
1215161317
1215161323
1215161304
1215161330
1215161305
1215161318
1215161313
1215161299
1215161325
1215161326
1215161329
1215161246
1215161328
1215161314
1215161247
1215161266
1215161307
1215161311
1215161310
1215161316
1215161301
1215161350
1215161333
1215161352
1215161334
1215161340
1215161332
1215161353
1215161345
1215161351
1215161366
1215161365
1215161335
1215161336
1215161341
1215161358
1215161368
1215161379
1215161367
1215161337
1215161356
1215161338
1215161370
1215161339
1215161380
1215161362
1215161346
1215161374
1215161413
1215161359
1215161342
1215161369
1215161349
1215161418
1215161347
1215161375
1215161363
1215161371
1215161392
1215161360
1215161344
1215161354
1215161343
1215161361
1215161372
1215161389
1215161377
1215161386
1215161348
1215161373
1215161382
1215161364
1215161355
1215161384
1215161414
1215161417
1215161387
1215161395
1215161403
1215161394
1215161390
1215161412
1215161378
1215161376
1215161388
1215161401
1215161357
1215161415
1215161393
1215161391
1215161398
1215161408
1215161381
1215161397
1215161419
1215161383
1215161396
1215161385
1215161420
1215161410
1215161422
1215161400
1215161399
1215161402
1215161404
1215161421
1215161405
1215161406
1215161407
1215161411
1215161409
1215161436
1215161416
1215161423
1215161433
1215161425
1215161427
1215161429
1215161426
1215161428
1215161430
1215161445
1215161424
1215161437
1215161448
1215161439
1215161452
1215161446
1215161441
1215161431
1215161444
1215161449
1215161486
1215161440
1215161472
1215161451
1215161483
1215161480
1215161447
1215161450
1215161453
1215161443
1215161459
1215161456
1215161462
1215161500
1215161478
1215161454
1215161463
1215161497
1215161467
1215161470
1215161458
1215161484
1215161501
1215161455
1215161465
1215161442
1215161496
1215161461
1215161498
1215161506
1215161507
1215161471
1215161479
1215161474
1215161457
1215161464
1215161475
1215161499
1215161460
1215161476
1215161490
1215161489
1215161485
1215161481
1215161466
1215161477
1215161503
1215161508
1215161473
1215161482
1215161488
1215161510
1215161491
1215161494
1215161495
1215161511
1215161493
1215161505
1215161502
1215161434
1215161432
1215161504
1215161438
1215161435
1215161468
1215161469
1215161487
1215161514
1215161509
1215161492
1215161528
1215161516
1215161519
1215161521
1215161524
1215161542
1215161526
1215161518
1215161530
1215161512
1215161522
1215161513
1215161534
1215161544
1215161532
1215161543
1215161541
1215161525
1215161547
1215161535
1215161527
1215161546
1215161533
1215161549
1215161523
1215161558
1215161529
1215161540
1215161563
1215161559
1215161517
1215161545
1215161561
1215161531
1215161538
1215161564
1215161566
1215161551
1215161577
1215161556
1215161574
1215161520
1215161537
1215161570
1215161552
1215161536
1215161567
1215161596
1215161548
1215161565
1215161581
1215161576
1215161571
1215161555
1215161554
1215161597
1215161557
1215161568
1215161580
1215161569
1215161584
1215161578
1215161553
1215161560
1215161591
1215161573
1215161562
1215161593
1215161575
1215161586
1215161602
1215161587
1215161579
1215161585
1215161572
1215161603
1215161590
1215161598
1215161600
1215161582
1215161615
1215161583
1215161588
1215161620
1215161655
1215161666
1215161660
1215161681
1215161515
1215161679
1215161589
1215161539
1215161550
1215161594
1215161599
1215161592
1215161601
1215161595
1215161605
1215161604
1215161614
1215161613
1215161617
1215161608
1215161606
1215161619
1215161616
1215161618
1215161627
1215161630
1215161637
1215161639
1215161638
1215161641
1215161610
1215161640
1215161636
1215161657
1215161611
1215161612
1215161665
1215161607
1215161648
1215161634
1215161624
1215161644
1215161661
1215161642
1215161672
1215161650
1215161656
1215161671
1215161622
1215161667
1215161659
1215161628
1215161678
1215161631
1215161653
1215161658
1215161633
1215161673
1215161629
1215161663
1215161621
1215161688
1215161643
1215161662
1215161626
1215161632
1215161685
1215161645
1215161680
1215161668
1215161654
1215161635
1215161651
1215161664
1215161647
1215161691
1215161682
1215161670
1215161677
1215161649
1215161683
1215161669
1215161684
1215161674
1215161676
1215161675
1215161690
1215161625
1215161623
1215161646
1215161652
1215161686
1215161687
1215161733
1215161689
1215161702
1215161705
1215161701
1215161718
1215161692
1215161693
1215161704
1215161695
1215161729
1215161738
1215161719
1215161703
1215161754
1215161708
1215161739
1215161720
1215161609
1215161706
1215161721
1215161758
1215161744
1215161713
1215161736
1215161709
1215161753
1215161723
1215161697
1215161710
1215161707
1215161696
1215161750
1215161747
1215161726
1215161711
1215161761
1215161725
1215161724
1215161712
1215161714
1215161698
1215161756
1215161699
1215161762
1215161732
1215161775
1215161731
1215161767
1215161716
1215161715
1215161735
1215161741
1215161717
1215161730
1215161742
1215161734
1215161745
1215161772
1215161752
1215161769
1215161751
1215161755
1215161737
1215161748
1215161722
1215161757
1215161765
1215161759
1215161740
1215161763
1215161727
1215161768
1215161764
1215161760
1215161774
1215161749
1215161773
1215161766
1215161746
1215161776
1215161700
1215161694
1215161728
1215161770
1215161771
1215161743
1215161807
1215161803
1215161778
1215161800
1215161777
1215161788
1215161784
1215161798
1215161814
1215161780
1215161804
1215161793
1215161779
1215161789
1215161813
1215161799
1215161797
1215161782
1215161802
1215161815
1215161805
1215161822
1215161832
1215161824
1215161786
1215161792
1215161810
1215161835
1215161816
1215161817
1215161826
1215161846
1215161783
1215161801
1215161781
1215161839
1215161858
1215161827
1215161785
1215161847
1215161840
1215161818
1215161819
1215161787
1215161850
1215161794
1215161825
1215161845
1215161790
1215161795
1215161851
1215161823
1215161852
1215161809
1215161811
1215161806
1215161820
1215161791
1215161821
1215161854
1215161830
1215161796
1215161828
1215161860
1215161812
1215161855
1215161831
1215161848
1215161849
1215161857
1215161829
1215161808
1215161833
1215161856
1215161834
1215161836
1215161859
1215161838
1215161837
1215161841
1215161843
1215161844
1215161842
1215161861
1215161862
1215161864
1215161870
1215161868
1215161878
1215161888
1215161866
1215161883
1215161863
1215161867
1215161872
1215161869
1215161881
1215161865
1215161890
1215161907
1215161879
1215161871
1215161893
1215161875
1215161884
1215161885
1215161926
1215161929
1215161902
1215161891
1215161896
1215161944
1215161894
1215161898
1215161895
1215161903
1215161873
1215161905
1215161909
1215161877
1215161925
1215161900
1215161908
1215161886
1215161876
1215161915
1215161945
1215161899
1215161918
1215161942
1215161910
1215161914
1215161916
1215161917
1215161948
1215161930
1215161919
1215161928
1215161913
1215161887
1215161920
1215161931
1215161936
1215161901
1215161922
1215161923
1215161943
1215161882
1215161880
1215161904
1215161949
1215161934
1215161935
1215161906
1215161889
1215161892
1215161874
1215161932
1215161927
1215161897
1215161941
1215161912
1215161946
1215161921
1215161947
1215161924
1215161933
1215161938
1215161939
1215161937
1215161940
1215161911
1215161958
1215161957
1215161950
1215161964
1215161951
1215161977
1215161968
1215161976
1215161966
1215161959
1215161967
1215161953
1215161954
1215161952
1215161979
1215161961
1215162005
1215161981
1215161956
1215161962
1215162012
1215161955
1215161980
1215161988
1215161970
1215162008
1215161982
1215161969
1215162014
1215161974
1215161984
1215161997
1215161992
1215161973
1215161972
1215161971
1215161989
1215161998
1215161975
1215161987
1215162006
1215162015
1215161990
1215162023
1215161999
1215162007
1215161986
1215162018
1215162004
1215162021
1215161994
1215162002
1215162001
1215162017
1215162032
1215161978
1215161983
1215162030
1215162024
1215162013
1215162038
1215161995
1215162003
1215162031
1215161985
1215162033
1215162034
1215162009
1215162026
1215162000
1215162016
1215162027
1215162036
1215162025
1215162019
1215162028
1215162037
1215162022
1215161963
1215161960
1215161991
1215161965
1215161993
1215162010
1215161996
1215162011
1215162029
1215162020
1215162035
1215162054
1215162097
1215162055
1215162079
1215162122
1215162120
1215162056
1215162040
1215162039
1215162059
1215162044
1215162052
1215162053
1215162043
1215162057
1215162070
1215162069
1215162046
1215162062
1215162077
1215162050
1215162041
1215162045
1215162073
1215162047
1215162042
1215162063
1215162058
1215162072
1215162080
1215162068
1215162075
1215162089
1215162048
1215162076
1215162049
1215162090
1215162103
1215162083
1215162071
1215162051
1215162091
1215162078
1215162082
1215162085
1215162066
1215162114
1215162093
1215162098
1215162095
1215162087
1215162096
1215162102
1215162100
1215162061
1215162065
1215162099
1215162107
1215162101
1215162064
1215162119
1215162106
1215162121
1215162105
1215162067
1215162123
1215162118
1215162113
1215162108
1215162088
1215162086
1215162104
1215162109
1215162092
1215162112
1215162110
1215162115
1215162116
1215162111
1215162060
1215162081
1215162084
1215162151
1215162117
1215162094
1215162129
1215162132
1215162134
1215162074
1215162136
1215162137
1215162124
1215162125
1215162154
1215162170
1215162140
1215162126
1215162139
1215162128
1215162155
1215162138
1215162135
1215162173
1215162187
1215162144
1215162150
1215162147
1215162141
1215162171
1215162153
1215162166
1215162142
1215162160
1215162127
1215162201
1215162143
1215162179
1215162146
1215162168
1215162174
1215162176
1215162161
1215162180
1215162162
1215162183
1215162208
1215162158
1215162196
1215162178
1215162164
1215162175
1215162145
1215162190
1215162159
1215162198
1215162182
1215162177
1215162148
1215162181
1215162191
1215162188
1215162199
1215162185
1215162184
1215162157
1215162194
1215162133
1215162200
1215162206
1215162186
1215162163
1215162204
1215162202
1215162205
1215162149
1215162152
1215162203
1215162209
1215162197
1215162207
1215162167
1215162172
1215162169
1215162193
1215162130
1215162131
1215162165
1215162156
1215162189
1215162238
1215162192
1215162195
1215162216
1215162210
1215162218
1215162230
1215162214
1215162211
1215162232
1215162212
1215162213
1215162240
1215162246
1215162215
1215162239
1215162221
1215162229
1215162234
1215162222
1215162219
1215162247
1215162223
1215162233
1215162235
1215162242
1215162226
1215162241
1215162224
1215162217
1215162243
1215162258
1215162264
1215162237
1215162279
1215162262
1215162244
1215162227
1215162231
1215162278
1215162257
1215162254
1215162220
1215162280
1215162249
1215162253
1215162236
1215162268
1215162277
1215162267
1215162282
1215162250
1215162252
1215162269
1215162255
1215162281
1215162270
1215162274
1215162256
1215162276
1215162283
1215162292
1215162271
1215162285
1215162259
1215162288
1215162261
1215162260
1215162266
1215162284
1215162287
1215162273
1215162289
1215162290
1215162225
1215162291
1215162228
1215162245
1215162248
1215162251
1215162263
1215162275
1215162286
1215162265
1215162304
1215162272
1215162308
1215162329
1215162312
1215162313
1215162295
1215162311
1215162326
1215162309
1215162325
1215162294
1215162300
1215162343
1215162332
1215162318
1215162316
1215162314
1215162301
1215162336
1215162297
1215162319
1215162331
1215162328
1215162315
1215162310
1215162324
1215162306
1215162347
1215162334
1215162330
1215162327
1215162333
1215162346
1215162307
1215162335
1215162338
1215162321
1215162339
1215162337
1215162340
1215162341
1215162344
1215162293
1215162320
1215162299
1215162348
1215162296
1215162322
1215162298
1215162303
1215162302
1215162317
1215162305
1215162359
1215162342
1215162350
1215162345
1215162349
1215162360
1215162355
1215162368
1215162367
1215162357
1215162353
1215162379
1215162352
1215162351
1215162388
1215162397
1215162362
1215162429
1215162373
1215162366
1215162400
1215162374
1215162378
1215162354
1215162399
1215162363
1215162356
1215162377
1215162404
1215162361
1215162375
1215162402
1215162369
1215162424
1215162376
1215162395
1215162426
1215162381
1215162391
1215162380
1215162390
1215162372
1215162420
1215162418
1215162371
1215162430
1215162386
1215162393
1215162382
1215162384
1215162403
1215162389
1215162408
1215162396
1215162407
1215162417
1215162411
1215162406
1215162387
1215162392
1215162394
1215162412
1215162409
1215162398
1215162421
1215162422
1215162425
1215162427
1215162414
1215162401
1215162431
1215162428
1215162433
1215162413
1215162432
1215162419
1215162416
1215162358
1215162365
1215162370
1215162383
1215162415
1215162405
1215162364
1215162385
1215162434
1215162423
1215162442
1215162444
1215162410
1215162448
1215162446
1215162445
1215162438
1215162436
1215162437
1215162435
1215162464
1215162469
1215162440
1215162450
1215162439
1215162443
1215162441
1215162477
1215162475
1215162456
1215162451
1215162470
1215162467
1215162447
1215162460
1215162454
1215162481
1215162473
1215162471
1215162449
1215162461
1215162480
1215162459
1215162488
1215162476
1215162479
1215162482
1215162455
1215162512
1215162484
1215162478
1215162491
1215162457
1215162483
1215162501
1215162503
1215162452
1215162453
1215162505
1215162487
1215162485
1215162504
1215162472
1215162466
1215162507
1215162514
1215162508
1215162462
1215162490
1215162494
1215162515
1215162506
1215162474
1215162518
1215162517
1215162463
1215162495
1215162502
1215162519
1215162465
1215162509
1215162497
1215162511
1215162500
1215162489
1215162516
1215162458
1215162513
1215162468
1215162492
1215162493
1215162486
1215162496
1215162498
1215162499
1215162510
1215162538
1215162535
1215162536
1215162525
1215162534
1215162526
1215162533
1215162527
1215162524
1215162554
1215162520
1215162521
1215162547
1215162559
1215162539
1215162531
1215162542
1215162537
1215162550
1215162553
1215162522
1215162551
1215162545
1215162543
1215162561
1215162528
1215162567
1215162558
1215162578
1215162540
1215162557
1215162560
1215162556
1215162530
1215162523
1215162586
1215162583
1215162579
1215162570
1215162549
1215162564
1215162529
1215162590
1215162601
1215162571
1215162576
1215162566
1215162562
1215162552
1215162585
1215162532
1215162593
1215162574
1215162577
1215162541
1215162563
1215162581
1215162548
1215162555
1215162597
1215162580
1215162588
1215162544
1215162584
1215162565
1215162573
1215162546
1215162568
1215162589
1215162575
1215162587
1215162598
1215162596
1215162569
1215162572
1215162599
1215162600
1215162582
1215162592
1215162602
1215162591
1215162594
1215162610
1215162616
1215162605
1215162595
1215162618
1215162607
1215162614
1215162629
1215162603
1215162642
1215162606
1215162631
1215162612
1215162609
1215162619
1215162636
1215162608
1215162632
1215162617
1215162620
1215162643
1215162613
1215162645
1215162622
1215162635
1215162611
1215162626
1215162652
1215162648
1215162623
1215162634
1215162663
1215162646
1215162655
1215162630
1215162647
1215162661
1215162625
1215162656
1215162644
1215162628
1215162662
1215162658
1215162650
1215162651
1215162633
1215162657
1215162664
1215162677
1215162649
1215162637
1215162667
1215162660
1215162665
1215162653
1215162672
1215162678
1215162654
1215162680
1215162659
1215162640
1215162669
1215162679
1215162674
1215162682
1215162675
1215162670
1215162673
1215162671
1215162668
1215162676
1215162604
1215162624
1215162621
1215162615
1215162627
1215162641
1215162638
1215162666
1215162681
1215162639
1215162687
1215162696
1215162694
1215162685
1215162713
1215162686
1215162683
1215162705
1215162693
1215162709
1215162691
1215162695
1215162717
1215162688
1215162701
1215162690
1215162698
1215162697
1215162712
1215162704
1215162720
1215162689
1215162707
1215162708
1215162725
1215162718
1215162728
1215162732
1215162700
1215162702
1215162736
1215162716
1215162706
1215162714
1215162703
1215162741
1215162715
1215162692
1215162699
1215162738
1215162727
1215162739
1215162710
1215162750
1215162726
1215162724
1215162711
1215162744
1215162730
1215162719
1215162734
1215162721
1215162722
1215162731
1215162759
1215162735
1215162729
1215162752
1215162737
1215162723
1215162745
1215162747
1215162742
1215162760
1215162749
1215162733
1215162762
1215162754
1215162758
1215162751
1215162740
1215162746
1215162753
1215162761
1215162743
1215162755
1215162756
1215162748
1215162757
1215162778
1215162766
1215162774
1215162765
1215162763
1215162769
1215162786
1215162764
1215162775
1215162782
1215162777
1215162768
1215162773
1215162767
1215162787
1215162779
1215162794
1215162776
1215162771
1215162791
1215162783
1215162825
1215162799
1215162827
1215162780
1215162796
1215162772
1215162838
1215162797
1215162795
1215162781
1215162785
1215162839
1215162806
1215162801
1215162805
1215162800
1215162784
1215162807
1215162792
1215162824
1215162845
1215162822
1215162813
1215162788
1215162793
1215162811
1215162798
1215162809
1215162816
1215162826
1215162828
1215162814
1215162815
1215162819
1215162804
1215162829
1215162821
1215162842
1215162844
1215162789
1215162836
1215162843
1215162817
1215162812
1215162834
1215162820
1215162841
1215162832
1215162818
1215162802
1215162803
1215162831
1215162823
1215162830
1215162840
1215162833
1215162837
1215162770
1215162790
1215162808
1215162855
1215162835
1215162810
1215162854
1215162872
1215162846
1215162857
1215162852
1215162860
1215162853
1215162850
1215162858
1215162866
1215162859
1215162874
1215162870
1215162848
1215162862
1215162904
1215162847
1215162856
1215162869
1215162863
1215162906
1215162861
1215162868
1215162879
1215162895
1215162867
1215162864
1215162875
1215162907
1215162865
1215162871
1215162849
1215162881
1215162910
1215162888
1215162886
1215162916
1215162878
1215162900
1215162890
1215162899
1215162885
1215162917
1215162891
1215162876
1215162873
1215162909
1215162893
1215162913
1215162918
1215162905
1215162902
1215162887
1215162903
1215162884
1215162889
1215162928
1215162924
1215162914
1215162877
1215162896
1215162892
1215162883
1215162898
1215162919
1215162901
1215162915
1215162894
1215162921
1215162908
1215162912
1215162911
1215162925
1215162926
1215162920
1215162851
1215162927
1215162897
1215162922
1215162880
1215162882
1215162936
1215162923
1215162935
1215162930
1215162939
1215162938
1215162929
1215162951
1215162933
1215162934
1215162954
1215162967
1215162950
1215162969
1215162960
1215162942
1215162943
1215162973
1215162937
1215162958
1215162961
1215162993
1215162931
1215162932
1215162963
1215162974
1215162966
1215162965
1215162949
1215162955
1215162940
1215162968
1215162976
1215162984
1215162945
1215162986
1215162981
1215162970
1215162952
1215162948
1215162971
1215162979
1215162964
1215162947
1215162992
1215162941
1215162991
1215162987
1215163001
1215162953
1215162972
1215162997
1215162998
1215162944
1215163002
1215163003
1215163000
1215162956
1215163009
1215162996
1215163004
1215162946
1215163005
1215162995
1215162975
1215163007
1215162989
1215162959
1215162957
1215163022
1215162962
1215163006
1215162990
1215162977
1215163067
1215162978
1215162982
1215163068
1215162983
1215162980
1215162988
1215162985
1215163071
1215162999
1215163073
1215162994
1215163020
1215163024
1215163019
1215163013
1215163015
1215163018
1215163008
1215163030
1215163010
1215163061
1215163025
1215163035
1215163014
1215163046
1215163028
1215163011
1215163034
1215163048
1215163038
1215163052
1215163063
1215163023
1215163055
1215163085
1215163041
1215163029
1215163021
1215163051
1215163026
1215163042
1215163016
1215163054
1215163065
1215163032
1215163045
1215163027
1215163069
1215163031
1215163086
1215163012
1215163088
1215163083
1215163044
1215163059
1215163070
1215163060
1215163017
1215163053
1215163066
1215163047
1215163033
1215163036
1215163076
1215163056
1215163084
1215163079
1215163037
1215163049
1215163072
1215163040
1215163082
1215163089
1215163039
1215163081
1215163062
1215163043
1215163050
1215163058
1215163075
1215163057
1215163064
1215163087
1215163074
1215163078
1215163077
1215163090
1215163080
1215163091
1215163109
1215163099
1215163110
1215163092
1215163126
1215163111
1215163133
1215163112
1215163113
1215163093
1215163097
1215163115
1215163105
1215163098
1215163096
1215163094
1215163103
1215163125
1215163128
1215163101
1215163151
1215163108
1215163132
1215163114
1215163100
1215163119
1215163135
1215163116
1215163124
1215163150
1215163106
1215163131
1215163107
1215163127
1215163130
1215163102
1215163122
1215163172
1215163174
1215163129
1215163121
1215163144
1215163123
1215163117
1215163142
1215163134
1215163137
1215163143
1215163141
1215163147
1215163136
1215163165
1215163157
1215163162
1215163166
1215163138
1215163156
1215163168
1215163139
1215163118
1215163164
1215163148
1215163145
1215163171
1215163149
1215163161
1215163159
1215163152
1215163160
1215163173
1215163163
1215163154
1215163153
1215163169
1215163155
1215163095
1215163170
1215163104
1215163140
1215163120
1215163146
1215163158
1215163167
1215163211
1215163181
1215163180
1215163175
1215163179
1215163191
1215163177
1215163185
1215163184
1215163220
1215163176
1215163239
1215163194
1215163182
1215163186
1215163178
1215163183
1215163198
1215163230
1215163212
1215163187
1215163188
1215163190
1215163189
1215163241
1215163244
1215163210
1215163224
1215163250
1215163231
1215163203
1215163199
1215163205
1215163215
1215163204
1215163197
1215163238
1215163207
1215163193
1215163206
1215163208
1215163195
1215163245
1215163255
1215163192
1215163251
1215163202
1215163200
1215163223
1215163209
1215163240
1215163258
1215163218
1215163196
1215163217
1215163221
1215163243
1215163254
1215163225
1215163237
1215163222
1215163229
1215163214
1215163227
1215163201
1215163213
1215163247
1215163232
1215163228
1215163248
1215163249
1215163216
1215163235
1215163246
1215163226
1215163253
1215163219
1215163236
1215163242
1215163256
1215163234
1215163252
1215163259
1215163257
1215163261
1215163260
1215163233
1215163269
1215163270
1215163285
1215163286
1215163266
1215163274
1215163291
1215163262
1215163272
1215163284
1215163275
1215163263
1215163277
1215163276
1215163264
1215163310
1215163317
1215163265
1215163279
1215163287
1215163288
1215163324
1215163306
1215163292
1215163299
1215163301
1215163332
1215163289
1215163281
1215163278
1215163297
1215163318
1215163327
1215163294
1215163267
1215163337
1215163302
1215163308
1215163290
1215163329
1215163338
1215163320
1215163298
1215163282
1215163313
1215163293
1215163326
1215163341
1215163280
1215163314
1215163307
1215163331
1215163333
1215163342
1215163340
1215163311
1215163325
1215163296
1215163330
1215163283
1215163304
1215163334
1215163328
1215163300
1215163316
1215163339
1215163336
1215163319
1215163305
1215163303
1215163321
1215163322
1215163323
1215163268
1215163271
1215163273
1215163295
1215163309
1215163312
1215163315
1215163335
1215163345
1215163350
1215163354
1215163367
1215163362
1215163348
1215163365
1215163343
1215163349
1215163373
1215163364
1215163344
1215163351
1215163357
1215163380
1215163355
1215163353
1215163366
1215163346
1215163352
1215163382
1215163369
1215163383
1215163347
1215163384
1215163372
1215163360
1215163387
1215163399
1215163385
1215163400
1215163371
1215163358
1215163392
1215163375
1215163386
1215163368
1215163391
1215163359
1215163370
1215163356
1215163363
1215163377
1215163381
1215163412
1215163394
1215163376
1215163397
1215163361
1215163374
1215163417
1215163408
1215163378
1215163390
1215163389
1215163388
1215163411
1215163421
1215163396
1215163404
1215163395
1215163402
1215163379
1215163393
1215163422
1215163405
1215163409
1215163407
1215163398
1215163406
1215163401
1215163420
1215163424
1215163410
1215163403
1215163413
1215163416
1215163415
1215163414
1215163418
1215163425
1215163419
1215163463
1215163466
1215163426
1215163423
1215163435
1215163438
1215163427
1215163446
1215163431
1215163429
1215163428
1215163441
1215163456
1215163433
1215163439
1215163495
1215163436
1215163442
1215163460
1215163498
1215163462
1215163432
1215163479
1215163480
1215163434
1215163459
1215163477
1215163445
1215163461
1215163471
1215163464
1215163448
1215163468
1215163451
1215163481
1215163483
1215163476
1215163496
1215163484
1215163499
1215163455
1215163467
1215163482
1215163485
1215163452
1215163507
1215163490
1215163488
1215163458
1215163478
1215163486
1215163508
1215163473
1215163509
1215163457
1215163469
1215163474
1215163491
1215163470
1215163472
1215163501
1215163502
1215163489
1215163437
1215163504
1215163475
1215163440
1215163497
1215163443
1215163503
1215163500
1215163492
1215163430
1215163465
1215163505
1215163444
1215163447
1215163487
1215163450
1215163449
1215163506
1215163453
1215163493
1215163543
1215163494
1215163542
1215163518
1215163513
1215163531
1215163525
1215163454
1215163514
1215163524
1215163512
1215163545
1215163540
1215163519
1215163571
1215163520
1215163515
1215163529
1215163526
1215163535
1215163517
1215163550
1215163521
1215163570
1215163530
1215163532
1215163563
1215163516
1215163546
1215163588
1215163537
1215163549
1215163547
1215163533
1215163590
1215163552
1215163584
1215163534
1215163539
1215163557
1215163548
1215163555
1215163574
1215163538
1215163556
1215163564
1215163523
1215163569
1215163579
1215163572
1215163558
1215163567
1215163561
1215163589
1215163583
1215163581
1215163587
1215163560
1215163527
1215163544
1215163551
1215163553
1215163565
1215163616
1215163624
1215163554
1215163611
1215163615
1215163625
1215163655
1215163637
1215163630
1215163667
1215163651
1215163619
1215163646
1215163617
1215163657
1215163618
1215163658
1215163629
1215163665
1215163626
1215163660
1215163669
1215163638
1215163631
1215163636
1215163634
1215163640
1215163632
1215163639
1215163666
1215163652
1215163633
1215163647
1215163653
1215163663
1215163649
1215163656
1215163654
1215163659
1215163668
1215163621
1215163627
1215163643
1215163602
1215163644
1215163650
1215163662
1215163825
1215163826
1215163894
1215163872
1215163664
1215163843
1215163896
1215163881
1215163879
1215163875
1215163853
1215163885
1215163871
1215163886
1215163846
1215163892
1215163852
1215163899
1215163855
1215163897
1215163848
1215163898
1215163866
1215163868
1215163857
1215163891
1215163902
1215163877
1215163869
1215163895
1215163893
1215163901
1215163873
1215163884
1215163887
1215163900
1215163854
1215163890
1215163859
1215163882
1215163836
1215163888
1215163903
1215163911
1215163916
1215163920
1215163928
1215163905
1215163904
1215163908
1215163943
1215163945
1215163906
1215163922
1215163931
1215163956
1215163907
1215163913
1215163959
1215163946
1215163932
1215163963
1215163914
1215163919
1215163965
1215163941
1215163957
1215163972
1215163915
1215163917
1215163926
1215163918
1215163975
1215163958
1215163912
1215163966
1215163921
1215163909
1215163978
1215163927
1215163960
1215163929
1215163944
1215163942
1215163961
1215163910
1215163923
1215163968
1215163967
1215163935
1215163939
1215163954
1215163940
1215163947
1215163933
1215163964
1215163971
1215163938
1215163980
1215163934
1215163962
1215163969
1215163949
1215163973
1215163974
1215163970
1215163976
1215163981
1215163977
1215163979
1215163952
1215163937
1215163925
1215163955
1215163983
1215163986
1215164004
1215163988
1215163950
1215163993
1215163990
1215164009
1215164008
1215164007
1215163996
1215164054
1215164026
1215163985
1215163982
1215164002
1215163998
1215164000
1215164032
1215164005
1215163992
1215164050
1215164014
1215164010
1215163989
1215164024
1215164012
1215163991
1215164017
1215164011
1215164046
1215164021
1215164016
1215164039
1215164019
1215164029
1215164036
1215163995
1215164037
1215164018
1215164015
1215164038
1215164041
1215163994
1215164047
1215164001
1215164022
1215164040
1215164042
1215164023
1215164052
1215164057
1215164003
1215164053
1215164027
1215164043
1215164062
1215164031
1215164056
1215164025
1215164028
1215164067
1215164055
1215164030
1215164035
1215164033
1215164045
1215164051
1215164034
1215164044
1215164068
1215164048
1215164085
1215164049
1215164084
1215164079
1215164070
1215164096
1215164081
1215164097
1215164058
1215164069
1215164074
1215164071
1215164087
1215164108
1215164122
1215164104
1215164060
1215164092
1215164073
1215164063
1215164072
1215164125
1215164094
1215164075
1215164066
1215164089
1215164107
1215164099
1215164077
1215164088
1215164061
1215164113
1215164095
1215164114
1215164116
1215164128
1215164083
1215164091
1215164059
1215164064
1215164119
1215164098
1215164100
1215164109
1215164103
1215164065
1215164121
1215164112
1215164110
1215164127
1215164078
1215164090
1215164115
1215164132
1215164093
1215164117
1215164080
1215164129
1215164111
1215164120
1215164123
1215164118
1215164124
1215164076
1215164105
1215164106
1215164082
1215164101
1215164102
1215164130
1215164138
1215164126
1215164133
1215164131
1215164142
1215164157
1215164151
1215164141
1215164135
1215164146
1215164144
1215164137
1215164140
1215164143
1215164134
1215164148
1215164153
1215164145
1215164181
1215164154
1215164152
1215164188
1215164168
1215164147
1215164158
1215164160
1215164136
1215164166
1215164164
1215164149
1215164193
1215164171
1215164172
1215164167
1215164165
1215164169
1215164155
1215164163
1215164190
1215164183
1215164178
1215164150
1215164206
1215164197
1215164170
1215164192
1215164175
1215164159
1215164184
1215164200
1215164156
1215164182
1215164198
1215164194
1215164189
1215164195
1215164203
1215164180
1215164177
1215164187
1215164179
1215164161
1215164209
1215164162
1215164185
1215164196
1215164191
1215164173
1215164186
1215164205
1215164204
1215164202
1215164176
1215164208
1215164199
1215164139
1215164201
1215164207
1215164233
1215164174
1215164219
1215164211
1215164210
1215164230
1215164222
1215164227
1215164229
1215164214
1215164231
1215164232
1215164220
1215164212
1215164246
1215164240
1215164224
1215164247
1215164249
1215164228
1215164236
1215164256
1215164252
1215164248
1215164254
1215164234
1215164223
1215164243
1215164239
1215164215
1215164277
1215164225
1215164235
1215164255
1215164244
1215164257
1215164242
1215164259
1215164264
1215164226
1215164258
1215164276
1215164270
1215164217
1215164263
1215164267
1215164218
1215164245
1215164250
1215164266
1215164272
1215164253
1215164273
1215164281
1215164221
1215164265
1215164275
1215164268
1215164251
1215164241
1215164261
1215164271
1215164280
1215164278
1215164274
1215164279
1215164262
1215164282
1215164213
1215164237
1215164238
1215164260
1215164269
1215164216
1215164304
1215164308
1215164291
1215164321
1215164285
1215164293
1215164295
1215164286
1215164307
1215164292
1215164325
1215164284
1215164322
1215164324
1215164297
1215164287
1215164317
1215164343
1215164298
1215164333
1215164309
1215164294
1215164289
1215164299
1215164288
1215164300
1215164290
1215164310
1215164312
1215164329
1215164303
1215164327
1215164341
1215164305
1215164315
1215164348
1215164306
1215164316
1215164320
1215164330
1215164319
1215164335
1215164357
1215164331
1215164358
1215164326
1215164347
1215164336
1215164342
1215164334
1215164339
1215164354
1215164346
1215164345
1215164356
1215164350
1215164349
1215164359
1215164355
1215164328
1215164340
1215164283
1215164302
1215164301
1215164352
1215164351
1215164353
1215164344
1215164296
1215164311
1215164313
1215164314
1215164318
1215164323
1215164337
1215164332
1215164338
1215164376
1215164364
1215164366
1215164363
1215164365
1215164361
1215164397
1215164367
1215164388
1215164360
1215164383
1215164400
1215164399
1215164362
1215164378
1215164372
1215164380
1215164390
1215164368
1215164371
1215164391
1215164369
1215164401
1215164426
1215164405
1215164381
1215164404
1215164373
1215164375
1215164393
1215164385
1215164370
1215164414
1215164408
1215164384
1215164402
1215164431
1215164386
1215164409
1215164387
1215164382
1215164377
1215164412
1215164413
1215164398
1215164374
1215164394
1215164421
1215164433
1215164406
1215164436
1215164416
1215164389
1215164407
1215164392
1215164403
1215164379
1215164415
1215164418
1215164417
1215164422
1215164420
1215164428
1215164429
1215164395
1215164396
1215164434
1215164410
1215164423
1215164432
1215164419
1215164411
1215164424
1215164427
1215164430
1215164435
1215164437
1215164425
1215164454
1215164443
1215164452
1215164455
1215164465
1215164453
1215164441
1215164438
1215164440
1215164472
1215164447
1215164462
1215164456
1215164439
1215164442
1215164457
1215164458
1215164471
1215164488
1215164445
1215164477
1215164470
1215164449
1215164478
1215164484
1215164444
1215164479
1215164446
1215164486
1215164495
1215164506
1215164493
1215164480
1215164511
1215164469
1215164448
1215164503
1215164464
1215164483
1215164475
1215164467
1215164451
1215164510
1215164518
1215164450
1215164505
1215164460
1215164489
1215164463
1215164461
1215164504
1215164476
1215164481
1215164509
1215164487
1215164466
1215164520
1215164512
1215164507
1215164490
1215164494
1215164482
1215164523
1215164485
1215164491
1215164501
1215164508
1215164496
1215164500
1215164513
1215164502
1215164515
1215164548
1215164514
1215164551
1215164499
1215164566
1215164568
1215164578
1215164577
1215164572
1215164575
1215164459
1215164468
1215164473
1215164474
1215164589
1215164492
1215164498
1215164522
1215164532
1215164526
1215164497
1215164516
1215164537
1215164536
1215164531
1215164524
1215164539
1215164544
1215164519
1215164517
1215164535
1215164547
1215164540
1215164558
1215164565
1215164521
1215164541
1215164530
1215164564
1215164527
1215164542
1215164533
1215164525
1215164546
1215164529
1215164563
1215164569
1215164584
1215164571
1215164556
1215164552
1215164549
1215164559
1215164550
1215164528
1215164534
1215164570
1215164590
1215164557
1215164576
1215164574
1215164561
1215164580
1215164538
1215164555
1215164543
1215164567
1215164553
1215164581
1215164554
1215164573
1215164579
1215164582
1215164560
1215164545
1215164587
1215164583
1215164591
1215164585
1215164588
1215164586
1215164596
1215164562
1215164605
1215164615
1215164597
1215164613
1215164608
1215164598
1215164594
1215164630
1215164593
1215164606
1215164599
1215164611
1215164631
1215164616
1215164641
1215164601
1215164600
1215164607
1215164614
1215164633
1215164620
1215164602
1215164628
1215164626
1215164661
1215164610
1215164662
1215164640
1215164619
1215164623
1215164664
1215164653
1215164648
1215164634
1215164604
1215164624
1215164625
1215164643
1215164609
1215164638
1215164637
1215164645
1215164621
1215164647
1215164654
1215164656
1215164660
1215164622
1215164663
1215164659
1215164649
1215164651
1215164667
1215164603
1215164627
1215164646
1215164666
1215164650
1215164668
1215164644
1215164595
1215164665
1215164629
1215164636
1215164617
1215164592
1215164612
1215164657
1215164618
1215164642
1215164632
1215164635
1215164639
1215164655
1215164652
1215164658
1215164677
1215164676
1215164671
1215164680
1215164674
1215164698
1215164675
1215164679
1215164694
1215164689
1215164707
1215164669
1215164681
1215164692
1215164690
1215164685
1215164723
1215164678
1215164700
1215164697
1215164710
1215164719
1215164744
1215164721
1215164684
1215164682
1215164735
1215164670
1215164683
1215164738
1215164693
1215164722
1215164712
1215164687
1215164742
1215164695
1215164736
1215164672
1215164701
1215164709
1215164715
1215164724
1215164702
1215164696
1215164704
1215164686
1215164699
1215164727
1215164705
1215164729
1215164733
1215164734
1215164730
1215164716
1215164741
1215164688
1215164711
1215164706
1215164739
1215164713
1215164703
1215164728
1215164718
1215164717
1215164720
1215164743
1215164737
1215164673
1215164691
1215164708
1215164740
1215164726
1215164714
1215164731
1215164725
1215164732
1215164752
1215164748
1215164756
1215164760
1215164750
1215164762
1215164757
1215164745
1215164759
1215164751
1215164777
1215164754
1215164772
1215164766
1215164749
1215164746
1215164761
1215164763
1215164755
1215164789
1215164773
1215164774
1215164785
1215164775
1215164794
1215164758
1215164776
1215164825
1215164768
1215164778
1215164799
1215164798
1215164829
1215164780
1215164771
1215164779
1215164767
1215164870
1215164802
1215164795
1215164847
1215164783
1215164784
1215164815
1215164816
1215164854
1215164814
1215164884
1215164787
1215164781
1215164804
1215164818
1215164889
1215164791
1215164786
1215164747
1215164837
1215164890
1215164765
1215164856
1215164764
1215164805
1215164819
1215164822
1215164807
1215164797
1215164806
1215164811
1215164790
1215164808
1215164769
1215164810
1215164803
1215164836
1215164860
1215164823
1215164843
1215164824
1215164820
1215164886
1215164770
1215164792
1215164838
1215164895
1215164826
1215164830
1215164788
1215164796
1215164835
1215164841
1215164861
1215164855
1215164801
1215164793
1215164857
1215164832
1215164833
1215164883
1215164865
1215164867
1215164813
1215164800
1215164844
1215164858
1215164863
1215164850
1215164849
1215164845
1215164839
1215164812
1215164869
1215164864
1215164842
1215164875
1215164876
1215164817
1215164893
1215164881
1215164871
1215164840
1215164853
1215164887
1215164879
1215164888
1215164894
1215164882
1215164852
1215164859
1215164891
1215164896
1215164872
1215164866
1215164892
1215164878
1215164862
1215164880
1215164753
1215164782
1215164821
1215164827
1215164828
1215164809
1215164834
1215164846
1215164848
1215164868
1215164873
1215164874
1215164885
1215164901
1215164905
1215164831
1215164899
1215164851
1215164924
1215164907
1215164902
1215164922
1215164932
1215164919
1215164942
1215164897
1215164906
1215164945
1215164937
1215164918
1215164926
1215164900
1215164904
1215164908
1215164933
1215164938
1215164966
1215164934
1215164927
1215164967
1215164931
1215164913
1215164971
1215164948
1215164950
1215164911
1215164903
1215164912
1215164914
1215164898
1215164952
1215164943
1215164969
1215164953
1215164956
1215164909
1215164917
1215164939
1215164962
1215164920
1215164929
1215164910
1215164954
1215164923
1215164944
1215164915
1215164957
1215164930
1215164935
1215164877
1215164936
1215164955
1215164949
1215164963
1215164941
1215164951
1215164959
1215164972
1215164947
1215164958
1215164961
1215164964
1215164970
1215164916
1215164925
1215164928
1215164946
1215164965
1215164968
1215164975
1215164980
1215164987
1215164976
1215164982
1215164977
1215164998
1215164974
1215164984
1215165005
1215164973
1215165012
1215164960
1215164983
1215164981
1215164978
1215164996
1215164985
1215164986
1215164999
1215164979
1215164993
1215165034
1215164990
1215165015
1215164992
1215165001
1215164994
1215165036
1215165004
1215165013
1215165010
1215165017
1215164989
1215165002
1215165000
1215165029
1215164997
1215165016
1215165006
1215165018
1215164988
1215165014
1215165076
1215165032
1215165003
1215164995
1215165035
1215165019
1215165007
1215165037
1215164921
1215164991
1215165025
1215164940
1215165079
1215165009
1215165008
1215165038
1215165021
1215165020
1215165024
1215165023
1215165026
1215165059
1215165031
1215165011
1215165022
1215165081
1215165040
1215165051
1215165048
1215165030
1215165066
1215165047
1215165065
1215165044
1215165057
1215165073
1215165049
1215165027
1215165078
1215165028
1215165043
1215165085
1215165050
1215165104
1215165093
1215165083
1215165063
1215165053
1215165046
1215165061
1215165095
1215165052
1215165107
1215165088
1215165055
1215165033
1215165060
1215165045
1215165056
1215165114
1215165084
1215165091
1215165068
1215165074
1215165089
1215165105
1215165106
1215165077
1215165071
1215165058
1215165097
1215165072
1215165094
1215165080
1215165090
1215165069
1215165096
1215165099
1215165109
1215165039
1215165070
1215165087
1215165108
1215165113
1215165102
1215165115
1215165092
1215165101
1215165111
1215165116
1215165117
1215165112
1215165098
1215165118
1215165042
1215165120
1215165121
1215165122
1215165062
1215165119
1215165064
1215165067
1215165082
1215165086
1215165100
1215165103
1215165041
1215165175
1215165135
1215165132
1215165133
1215165141
1215165127
1215165123
1215165177
1215165134
1215165125
1215165137
1215165128
1215165157
1215165126
1215165145
1215165156
1215165163
1215165144
1215165138
1215165142
1215165131
1215165149
1215165143
1215165153
1215165179
1215165159
1215165147
1215165140
1215165173
1215165151
1215165162
1215165165
1215165154
1215165155
1215165158
1215165172
1215165146
1215165183
1215165178
1215165164
1215165168
1215165193
1215165186
1215165167
1215165160
1215165184
1215165185
1215165187
1215165174
1215165152
1215165189
1215165188
1215165169
1215165170
1215165150
1215165166
1215165192
1215165194
1215165176
1215165180
1215165191
1215165124
1215165129
1215165171
1215165130
1215165190
1215165148
1215165195
1215165197
1215165208
1215165205
1215165196
1215165220
1215165204
1215165207
1215165210
1215165238
1215165198
1215165211
1215165206
1215165240
1215165228
1215165201
1215165216
1215165215
1215165209
1215165243
1215165202
1215165200
1215165218
1215165261
1215165219
1215165231
1215165229
1215165213
1215165212
1215165247
1215165232
1215165203
1215165221
1215165233
1215165214
1215165253
1215165235
1215165234
1215165223
1215165230
1215165249
1215165222
1215165254
1215165075
1215165259
1215165256
1215165257
1215165227
1215165225
1215165258
1215165262
1215165226
1215165241
1215165244
1215165250
1215165236
1215165239
1215165217
1215165252
1215165255
1215165136
1215165139
1215165161
1215165181
1215165182
1215165199
1215165224
1215165242
1215165245
1215165246
1215165248
1215165251
1215165263
1215165267
1215165265
1215165291
1215165270
1215165277
1215165272
1215165274
1215165264
1215165269
1215165288
1215165275
1215165300
1215165284
1215165279
1215165312
1215165293
1215165266
1215165276
1215165298
1215165283
1215165287
1215165280
1215165296
1215165282
1215165316
1215165324
1215165303
1215165321
1215165327
1215165290
1215165289
1215165313
1215165285
1215165281
1215165317
1215165299
1215165328
1215165305
1215165286
1215165319
1215165333
1215165335
1215165306
1215165292
1215165309
1215165302
1215165334
1215165336
1215165330
1215165294
1215165337
1215165310
1215165304
1215165315
1215165297
1215165322
1215165307
1215165329
1215165318
1215165308
1215165311
1215165295
1215165314
1215165323
1215165332
1215165320
1215165268
1215165271
1215165273
1215165278
1215165301
1215165325
1215165326
1215165331
1215165350
1215165339
1215165349
1215165340
1215165341
1215165352
1215165374
1215165342
1215165348
1215165358
1215165353
1215165357
1215165359
1215165388
1215165366
1215165376
1215165360
1215165362
1215165368
1215165344
1215165355
1215165343
1215165383
1215165371
1215165381
1215165365
1215165380
1215165398
1215165345
1215165364
1215165394
1215165361
1215165346
1215165372
1215165367
1215165386
1215165382
1215165351
1215165363
1215165400
1215165406
1215165385
1215165354
1215165369
1215165377
1215165401
1215165407
1215165397
1215165370
1215165375
1215165378
1215165409
1215165373
1215165402
1215165237
1215165389
1215165260
1215165390
1215165379
1215165395
1215165408
1215165391
1215165393
1215165404
1215165410
1215165338
1215165347
1215165392
1215165356
1215165387
1215165384
1215165396
1215165399
1215165405
1215165429
1215165428
1215165413
1215165411
1215165414
1215165417
1215165431
1215165418
1215165412
1215165424
1215165433
1215165430
1215165437
1215165416
1215165423
1215165446
1215165450
1215165456
1215165439
1215165421
1215165419
1215165415
1215165441
1215165447
1215165420
1215165434
1215165461
1215165452
1215165438
1215165435
1215165448
1215165463
1215165425
1215165443
1215165451
1215165440
1215165465
1215165471
1215165455
1215165436
1215165426
1215165422
1215165457
1215165460
1215165477
1215165458
1215165427
1215165445
1215165474
1215165442
1215165470
1215165478
1215165475
1215165453
1215165444
1215165454
1215165449
1215165466
1215165459
1215165469
1215165472
1215165476
1215165462
1215165464
1215165467
1215165468
1215165473
1215165483
1215165482
1215165489
1215165485
1215165487
1215165484
1215165488
1215165486
1215165506
1215165490
1215165508
1215165481
1215165498
1215165510
1215165509
1215165518
1215165527
1215165493
1215165491
1215165525
1215165515
1215165512
1215165540
1215165501
1215165505
1215165511
1215165530
1215165524
1215165494
1215165479
1215165520
1215165545
1215165513
1215165534
1215165526
1215165542
1215165548
1215165523
1215165539
1215165496
1215165535
1215165403
1215165480
1215165528
1215165551
1215165499
1215165544
1215165497
1215165514
1215165547
1215165537
1215165500
1215165532
1215165529
1215165502
1215165538
1215165533
1215165503
1215165531
1215165536
1215165550
1215165552
1215165517
1215165516
1215165521
1215165492
1215165543
1215165507
1215165546
1215165522
1215165549
1215165504
1215165519
1215165541
1215165555
1215165576
1215165572
1215165588
1215165559
1215165591
1215165558
1215165556
1215165579
1215165563
1215165575
1215165566
1215165567
1215165589
1215165578
1215165612
1215165564
1215165562
1215165568
1215165577
1215165585
1215165593
1215165569
1215165590
1215165607
1215165561
1215165617
1215165613
1215165594
1215165570
1215165571
1215165592
1215165608
1215165595
1215165616
1215165599
1215165596
1215165580
1215165597
1215165581
1215165620
1215165601
1215165605
1215165582
1215165602
1215165598
1215165623
1215165587
1215165619
1215165604
1215165600
1215165624
1215165603
1215165614
1215165565
1215165615
1215165583
1215165618
1215165586
1215165606
1215165611
1215165625
1215165557
1215165560
1215165584
1215165609
1215165610
1215165621
1215165622
1215165553
1215165554
1215165574
1215165627
1215165573
1215165658
1215165633
1215165654
1215165631
1215165640
1215165664
1215165636
1215165646
1215165626
1215165656
1215165644
1215165630
1215165667
1215165628
1215165642
1215165652
1215165629
1215165634
1215165639
1215165673
1215165665
1215165677
1215165645
1215165632
1215165653
1215165641
1215165054
1215165684
1215165649
1215165635
1215165659
1215165666
1215165648
1215165668
1215165687
1215165660
1215165651
1215165647
1215165682
1215165650
1215165662
1215165676
1215165672
1215165663
1215165689
1215165671
1215165674
1215165680
1215165679
1215165693
1215165688
1215165670
1215165675
1215165690
1215165681
1215165683
1215165696
1215165685
1215165694
1215165691
1215165686
1215165692
1215165699
1215165695
1215165661
1215165697
1215165637
1215165698
1215165638
1215165643
1215165655
1215165657
1215165678
1215165713
1215165700
1215165740
1215165732
1215165701
1215165703
1215165705
1215165733
1215165709
1215165743
1215165721
1215165708
1215165737
1215165717
1215165746
1215165724
1215165702
1215165718
1215165726
1215165738
1215165734
1215165714
1215165765
1215165759
1215165723
1215165751
1215165766
1215165729
1215165704
1215165736
1215165745
1215165727
1215165752
1215165757
1215165773
1215165768
1215165741
1215165749
1215165761
1215165730
1215165707
1215165771
1215165744
1215165739
1215165748
1215165716
1215165762
1215165747
1215165754
1215165710
1215165719
1215165760
1215165722
1215165725
1215165728
1215165731
1215165712
1215165715
1215165735
1215165750
1215165755
1215165756
1215165774
1215165706
1215165720
1215165742
1215165764
1215165767
1215165770
1215165711
1215165753
1215165758
1215165763
1215165772
1215165775
1215165780
1215165782
1215165783
1215165779
1215165797
1215165800
1215165787
1215165786
1215165777
1215165830
1215165803
1215165776
1215165781
1215165790
1215165789
1215165805
1215165791
1215165828
1215165796
1215165785
1215165823
1215165795
1215165807
1215165844
1215165845
1215165812
1215165806
1215165792
1215165825
1215165793
1215165820
1215165799
1215165811
1215165815
1215165838
1215165833
1215165810
1215165813
1215165837
1215165846
1215165801
1215165843
1215165827
1215165840
1215165802
1215165829
1215165814
1215165804
1215165839
1215165816
1215165832
1215165809
1215165819
1215165835
1215165822
1215165778
1215165826
1215165824
1215165798
1215165847
1215165836
1215165808
1215165831
1215165834
1215165784
1215165788
1215165794
1215165817
1215165818
1215165821
1215165841
1215165842
1215165870
1215165853
1215165878
1215165861
1215165871
1215165856
1215165872
1215165848
1215165851
1215165874
1215165864
1215165852
1215165894
1215165892
1215165860
1215165857
1215165863
1215165859
1215165849
1215165879
1215165862
1215165867
1215165908
1215165869
1215165880
1215165865
1215165866
1215165895
1215165876
1215165906
1215165877
1215165855
1215165911
1215165893
1215165850
1215165909
1215165883
1215165882
1215165897
1215165881
1215165913
1215165914
1215165858
1215165910
1215165885
1215165854
1215165875
1215165912
1215165884
1215165886
1215165919
1215165868
1215165903
1215165918
1215165887
1215165898
1215165889
1215165888
1215165916
1215165873
1215165901
1215165905
1215165915
1215165891
1215165890
1215165902
1215165896
1215165900
1215165904
1215165899
1215165907
1215165917
1215165921
1215165940
1215165928
1215165929
1215165941
1215165927
1215165925
1215165769
1215165966
1215165922
1215165924
1215165920
1215165958
1215165930
1215165945
1215165934
1215165942
1215165952
1215165926
1215165933
1215165960
1215165968
1215165939
1215165937
1215165931
1215165936
1215165973
1215165943
1215165978
1215165948
1215165923
1215165944
1215165956
1215165946
1215165979
1215165961
1215165959
1215165965
1215165950
1215165957
1215165947
1215165949
1215165932
1215165964
1215165983
1215165962
1215165991
1215165955
1215165951
1215165969
1215165967
1215165963
1215165954
1215165974
1215165970
1215165981
1215165976
1215165971
1215165987
1215165988
1215165669
1215165989
1215165953
1215165980
1215165495
1215165990
1215165935
1215165985
1215165986
1215165972
1215165975
1215166006
1215165977
1215166011
1215166039
1215165984
1215166025
1215165982
1215165992
1215165997
1215165996
1215166007
1215165995
1215166037
1215166042
1215166008
1215166015
1215166009
1215166003
1215166031
1215166002
1215166016
1215166001
1215166043
1215166004
1215166045
1215166017
1215166032
1215166020
1215166010
1215166018
1215166044
1215166033
1215166078
1215166054
1215166023
1215166021
1215166051
1215166022
1215166035
1215166052
1215166056
1215166013
1215166076
1215166055
1215166014
1215166080
1215166057
1215166026
1215166040
1215165998
1215166061
1215166028
1215166024
1215166027
1215166060
1215166083
1215166081
1215166091
1215166084
1215166064
1215166049
1215166087
1215166036
1215166019
1215166034
1215166041
1215166063
1215166082
1215166000
1215166105
1215166067
1215166038
1215166115
1215166097
1215166068
1215166046
1215166089
1215166047
1215166118
1215166086
1215166094
1215166065
1215166096
1215166050
1215166108
1215166071
1215166048
1215166069
1215166053
1215166125
1215166073
1215166059
1215166077
1215166100
1215166099
1215166102
1215166070
1215166072
1215166074
1215166062
1215166095
1215166109
1215166107
1215166120
1215166116
1215166110
1215166090
1215166092
1215166075
1215166093
1215166126
1215166098
1215166104
1215166079
1215166119
1215166117
1215166111
1215166122
1215166123
1215166101
1215166121
1215166113
1215166114
1215165993
1215166127
1215165994
1215166005
1215166012
1215166029
1215166030
1215166058
1215166085
1215166066
1215166088
1215166103
1215166106
1215166112
1215166124
1215166128
1215166129
1215166147
1215166150
1215166135
1215166152
1215166138
1215166198
1215166164
1215166141
1215166155
1215166136
1215166130
1215166184
1215166168
1215166142
1215166167
1215166131
1215166169
1215166151
1215166148
1215166133
1215166149
1215166143
1215166144
1215166170
1215166189
1215166174
1215166153
1215166171
1215166139
1215166176
1215166173
1215166146
1215166154
1215166161
1215166165
1215166163
1215166192
1215166158
1215166179
1215166172
1215166162
1215166185
1215166160
1215166166
1215166195
1215166190
1215166181
1215166175
1215166183
1215166177
1215166187
1215166178
1215166188
1215166199
1215166196
1215166191
1215166193
1215166194
1215166132
1215166137
1215166156
1215166159
1215166182
1215166197
1215166200
1215166134
1215166140
1215166157
1215166186
1215166180
1215166145
1215166226
1215166212
1215166203
1215166209
1215165999
1215166221
1215166248
1215166201
1215166213
1215166251
1215166233
1215166204
1215166216
1215166215
1215166218
1215166207
1215166263
1215166230
1215166217
1215166202
1215166214
1215166219
1215166205
1215166228
1215166210
1215166261
1215166241
1215166211
1215166231
1215166237
1215166235
1215166206
1215166220
1215166262
1215166253
1215166224
1215166234
1215166208
1215166240
1215166238
1215166255
1215166252
1215166239
1215166222
1215166264
1215166243
1215166257
1215166247
1215166223
1215166225
1215166249
1215166269
1215166227
1215166268
1215166258
1215166244
1215166245
1215166246
1215166271
1215166250
1215166267
1215166259
1215166272
1215166260
1215166265
1215166266
1215166270
1215166242
1215166236
1215166229
1215166232
1215166254
1215166256
1215166275
1215166282
1215166278
1215166274
1215166316
1215166297
1215166284
1215166277
1215166290
1215166292
1215166287
1215166295
1215166298
1215166309
1215166302
1215166307
1215166280
1215166310
1215166289
1215166294
1215166342
1215166273
1215166325
1215166286
1215166276
1215166299
1215166315
1215166285
1215166328
1215166293
1215166283
1215166288
1215166296
1215166311
1215166331
1215166301
1215166335
1215166306
1215166317
1215166304
1215166323
1215166337
1215166291
1215166308
1215166338
1215166334
1215166340
1215166326
1215166313
1215166343
1215166314
1215166300
1215166319
1215166305
1215166321
1215166330
1215166332
1215166341
1215166324
1215166312
1215166322
1215166333
1215166336
1215166320
1215166281
1215166318
1215166327
1215166339
1215166303
1215166361
1215166329
1215166348
1215166374
1215166360
1215166349
1215166279
1215166344
1215166351
1215166372
1215166368
1215166369
1215166347
1215166346
1215166355
1215166377
1215166393
1215166354
1215166356
1215166373
1215166371
1215166353
1215166363
1215166359
1215166350
1215166398
1215166366
1215166390
1215166379
1215166389
1215166400
1215166408
1215166394
1215166376
1215166383
1215166362
1215166352
1215166364
1215166388
1215166402
1215166395
1215166385
1215166365
1215166403
1215166370
1215166386
1215166396
1215166375
1215166412
1215166414
1215166391
1215166384
1215166380
1215166397
1215166405
1215166407
1215166413
1215166401
1215166378
1215166411
1215166381
1215166410
1215166406
1215166392
1215166399
1215166409
1215166345
1215166357
1215166367
1215166358
1215166382
1215166404
1215166387
1215166439
1215166426
1215166420
1215166423
1215166421
1215166417
1215166428
1215166416
1215166438
1215166437
1215166436
1215166451
1215166447
1215166457
1215166422
1215166418
1215166419
1215166443
1215166442
1215166463
1215166427
1215166461
1215166444
1215166448
1215166467
1215166440
1215166466
1215166470
1215166433
1215166468
1215166469
1215166431
1215166450
1215166441
1215166425
1215166434
1215166471
1215166465
1215166452
1215166445
1215166473
1215166462
1215166429
1215166453
1215166474
1215166472
1215166432
1215166458
1215166459
1215166435
1215166476
1215166430
1215166456
1215166477
1215166454
1215166475
1215166478
1215166415
1215166446
1215166449
1215166424
1215166460
1215166455
1215166464
1215166479
1215166501
1215166486
1215166480
1215166490
1215166498
1215166481
1215166502
1215166483
1215166488
1215166484
1215166482
1215166510
1215166489
1215166500
1215166517
1215166515
1215166487
1215166526
1215166492
1215166494
1215166485
1215166520
1215166503
1215166496
1215166509
1215166499
1215166513
1215166518
1215166493
1215166491
1215166506
1215166528
1215166511
1215166521
1215166525
1215166504
1215166538
1215166495
1215166531
1215166540
1215166524
1215166505
1215166514
1215166532
1215166547
1215166507
1215166539
1215166530
1215166512
1215166536
1215166497
1215166537
1215166544
1215166533
1215166519
1215166529
1215166508
1215166534
1215166527
1215166546
1215166548
1215166549
1215166542
1215166545
1215166541
1215166516
1215166535
1215166522
1215166554
1215166523
1215166543
1215166568
1215166552
1215166551
1215166583
1215166566
1215166567
1215166560
1215166561
1215166550
1215166564
1215166559
1215166581
1215166555
1215166563
1215166629
1215166570
1215166587
1215166565
1215166553
1215166592
1215166578
1215166571
1215166558
1215166579
1215166602
1215166604
1215166569
1215166572
1215166593
1215166582
1215166573
1215166610
1215166614
1215166575
1215166634
1215166556
1215166595
1215166577
1215166605
1215166613
1215166616
1215166585
1215166630
1215166574
1215166584
1215166600
1215166622
1215166557
1215166632
1215166588
1215166620
1215166594
1215166597
1215166576
1215166598
1215166589
1215166615
1215166562
1215166596
1215166603
1215166599
1215166638
1215166612
1215166601
1215166624
1215166666
1215166591
1215166618
1215166619
1215166608
1215166580
1215166611
1215166637
1215166586
1215166631
1215166609
1215166625
1215166617
1215166628
1215166621
1215166606
1215166627
1215166590
1215166607
1215166643
1215166660
1215166623
1215166636
1215166685
1215166653
1215166651
1215166639
1215166642
1215166663
1215166723
1215166675
1215166626
1215166654
1215166633
1215166659
1215166649
1215166662
1215166644
1215166665
1215166658
1215166669
1215166635
1215166645
1215166686
1215166676
1215166671
1215166667
1215166640
1215166677
1215166641
1215166696
1215166694
1215166720
1215166699
1215166688
1215166707
1215166716
1215166737
1215166728
1215166664
1215166661
1215166670
1215166689
1215166712
1215166678
1215166681
1215166730
1215166679
1215166672
1215166748
1215166702
1215166703
1215166708
1215166741
1215166682
1215166684
1215166711
1215166704
1215166683
1215166747
1215166714
1215166687
1215166680
1215166750
1215166690
1215166705
1215166742
1215166700
1215166724
1215166725
1215166706
1215166646
1215166701
1215166713
1215166727
1215166648
1215166652
1215166726
1215166746
1215166739
1215166655
1215166729
1215166673
1215166721
1215166718
1215166692
1215166698
1215166693
1215166709
1215166695
1215166733
1215166656
1215166647
1215166650
1215166715
1215166674
1215166668
1215166657
1215166697
1215166710
1215166751
1215166752
1215166717
1215166691
1215166763
1215166761
1215166767
1215166732
1215166753
1215166740
1215166775
1215166768
1215166764
1215166735
1215166743
1215166779
1215166744
1215166802
1215166782
1215166738
1215166765
1215166719
1215166786
1215166784
1215166757
1215166769
1215166808
1215166760
1215166722
1215166785
1215166797
1215166755
1215166745
1215166792
1215166777
1215166789
1215166788
1215166772
1215166758
1215166801
1215166781
1215166749
1215166803
1215166790
1215166731
1215166783
1215166805
1215166773
1215166754
1215166793
1215166807
1215166787
1215166791
1215166795
1215166766
1215166734
1215166736
1215166778
1215166798
1215166804
1215166794
1215166806
1215166799
1215166800
1215166756
1215166771
1215166762
1215166780
1215166796
1215166821
1215166776
1215166774
1215166817
1215166818
1215166811
1215166833
1215166819
1215166829
1215166810
1215166809
1215166848
1215166822
1215166813
1215166824
1215166828
1215166825
1215166854
1215166847
1215166814
1215166830
1215166835
1215166836
1215166812
1215166861
1215166826
1215166815
1215166856
1215166866
1215166871
1215166837
1215166842
1215166831
1215166832
1215166838
1215166867
1215166843
1215166875
1215166840
1215166839
1215166823
1215166820
1215166862
1215166851
1215166845
1215166852
1215166858
1215166863
1215166850
1215166853
1215166869
1215166857
1215166860
1215166859
1215166827
1215166865
1215166874
1215166873
1215166849
1215166855
1215166878
1215166872
1215166876
1215166816
1215166841
1215166834
1215166868
1215166870
1215166877
1215166846
1215166844
1215166889
1215166864
1215166880
1215166879
1215166896
1215166900
1215166883
1215166881
1215166894
1215166886
1215166892
1215166893
1215166890
1215166882
1215166895
1215166902
1215166888
1215166916
1215166884
1215166898
1215166915
1215166918
1215166914
1215166919
1215166885
1215166891
1215166897
1215166920
1215166917
1215166930
1215166910
1215166941
1215166907
1215166913
1215166906
1215166937
1215166929
1215166899
1215166909
1215166922
1215166931
1215166934
1215166903
1215166970
1215166933
1215166887
1215166932
1215166953
1215166984
1215166926
1215166966
1215166936
1215166938
1215166904
1215166946
1215166935
1215166967
1215166940
1215166945
1215166942
1215166912
1215166990
1215166908
1215166939
1215166947
1215166943
1215166944
1215166969
1215166962
1215166901
1215166957
1215166921
1215166951
1215166956
1215166949
1215166911
1215166960
1215166983
1215166924
1215166905
1215166925
1215166963
1215166958
1215166961
1215166971
1215166974
1215166964
1215166977
1215166973
1215166972
1215166989
1215166928
1215166985
1215166927
1215166923
1215166959
1215166982
1215166988
1215166994
1215166948
1215166950
1215166954
1215166952
1215166955
1215166975
1215166976
1215166992
1215166981
1215166978
1215166991
1215166995
1215166979
1215166993
1215166998
1215167000
1215166980
1215166996
1215167035
1215167014
1215166997
1215166999
1215167003
1215167002
1215167013
1215167007
1215167011
1215167006
1215167001
1215167036
1215167029
1215167009
1215167030
1215167026
1215167016
1215167021
1215167022
1215167018
1215167012
1215167034
1215167027
1215167043
1215167025
1215167041
1215167024
1215167047
1215167028
1215167045
1215167048
1215167019
1215167046
1215167055
1215167031
1215167033
1215167050
1215167057
1215167051
1215167060
1215167037
1215167049
1215167040
1215167062
1215167059
1215167053
1215166965
1215167052
1215166968
1215167004
1215166986
1215167005
1215166987
1215167010
1215167008
1215167023
1215167061
1215167017
1215167032
1215167015
1215167038
1215167039
1215167042
1215167054
1215167056
1215167078
1215167058
1215167084
1215167093
1215167044
1215167096
1215167103
1215167065
1215167082
1215167081
1215167079
1215167070
1215167122
1215167063
1215167064
1215167099
1215167069
1215167094
1215167077
1215167068
1215167088
1215167098
1215167066
1215167072
1215167075
1215167020
1215167117
1215167091
1215167074
1215167102
1215167120
1215167118
1215167067
1215167080
1215167071
1215167111
1215167105
1215167073
1215167089
1215167083
1215167090
1215167086
1215167108
1215167076
1215167087
1215167092
1215167110
1215167124
1215167123
1215167095
1215167085
1215167109
1215167112
1215167113
1215167114
1215167125
1215167115
1215167097
1215167100
1215167116
1215167119
1215167148
1215167127
1215167144
1215167130
1215167128
1215167160
1215167104
1215167107
1215167133
1215167126
1215167163
1215167180
1215167142
1215167131
1215167146
1215167140
1215167150
1215167143
1215167147
1215167101
1215167153
1215167157
1215167152
1215167134
1215167166
1215167106
1215167145
1215167171
1215167158
1215167178
1215167135
1215167167
1215167162
1215167181
1215167159
1215167137
1215167174
1215167187
1215167169
1215167172
1215167164
1215167177
1215167121
1215167149
1215167165
1215167155
1215167161
1215167188
1215167168
1215167170
1215167151
1215167141
1215167156
1215167182
1215167185
1215167175
1215167183
1215167129
1215167136
1215167132
1215167138
1215167173
1215167139
1215167186
1215167176
1215167184
1215167189
1215167207
1215167179
1215167204
1215167198
1215167191
1215167192
1215167194
1215167197
1215167203
1215167201
1215167190
1215167210
1215167206
1215167195
1215167205
1215167219
1215167212
1215167208
1215167199
1215167224
1215167213
1215167200
1215167193
1215167209
1215167202
1215167222
1215167221
1215167229
1215167215
1215167220
1215167237
1215167196
1215167218
1215167234
1215167240
1215167226
1215167227
1215167235
1215167238
1215167214
1215167239
1215167252
1215167246
1215167225
1215167250
1215167253
1215167243
1215167211
1215167241
1215167232
1215167248
1215167228
1215167255
1215167233
1215167216
1215167231
1215167249
1215167223
1215167217
1215167244
1215167230
1215167242
1215167245
1215167247
1215167251
1215167254
1215167290
1215167236
1215167266
1215167257
1215167265
1215167273
1215167256
1215167260
1215167269
1215167261
1215167280
1215167267
1215167278
1215167272
1215167293
1215167271
1215167294
1215167270
1215167283
1215167268
1215167259
1215167299
1215167277
1215167282
1215167307
1215167263
1215167291
1215167297
1215167286
1215167318
1215167305
1215167292
1215167274
1215167285
1215167308
1215167306
1215167262
1215167287
1215167296
1215167289
1215167279
1215167264
1215167295
1215167315
1215167302
1215167284
1215167275
1215167311
1215167300
1215167314
1215167309
1215167316
1215167288
1215167317
1215167312
1215167298
1215167319
1215167276
1215167301
1215167281
1215167258
1215167303
1215167310
1215167330
1215167320
1215167321
1215167332
1215167323
1215167304
1215167335
1215167313
1215167322
1215167349
1215167333
1215167336
1215167352
1215167324
1215167327
1215167326
1215167325
1215167369
1215167348
1215167350
1215167338
1215167328
1215167356
1215167339
1215167331
1215167351
1215167342
1215167345
1215167360
1215167375
1215167341
1215167355
1215167381
1215167361
1215167334
1215167362
1215167371
1215167344
1215167337
1215167357
1215167377
1215167363
1215167346
1215167340
1215167383
1215167365
1215167364
1215167367
1215167373
1215167384
1215167368
1215167370
1215167347
1215167379
1215167366
1215167358
1215167382
1215167380
1215167354
1215167353
1215167376
1215167372
1215167374
1215167359
1215167385
1215167393
1215167378
1215167329
1215167396
1215167343
1215167395
1215167390
1215167386
1215167389
1215167410
1215167387
1215167411
1215167398
1215167427
1215167409
1215167388
1215167403
1215167401
1215167394
1215167391
1215167428
1215167415
1215167405
1215167412
1215167413
1215167397
1215167416
1215167437
1215167399
1215167433
1215167392
1215167429
1215167404
1215167419
1215167431
1215167422
1215167430
1215167438
1215167420
1215167400
1215167439
1215167418
1215167406
1215167434
1215167425
1215167414
1215167443
1215167445
1215167426
1215167444
1215167402
1215167449
1215167446
1215167451
1215167417
1215167441
1215167450
1215167432
1215167408
1215167407
1215167435
1215167436
1215167440
1215167424
1215167442
1215167421
1215167448
1215167452
1215167465
1215167460
1215167447
1215167469
1215167458
1215167459
1215167462
1215167478
1215167461
1215167456
1215167487
1215167480
1215167471
1215167479
1215167474
1215167483
1215167476
1215167467
1215167477
1215167500
1215167507
1215167472
1215167486
1215167481
1215167503
1215167491
1215167484
1215167489
1215167504
1215167514
1215167498
1215167517
1215167493
1215167494
1215167485
1215167488
1215167515
1215167499
1215167519
1215167501
1215167502
1215167468
1215167466
1215167455
1215167454
1215167473
1215167497
1215167506
1215167508
1215167496
1215167464
1215167513
1215167516
1215167475
1215167505
1215167518
1215167509
1215167511
1215167512
1215167457
1215167453
1215167470
1215167490
1215167492
1215167510
1215167495
1215167463
1215167538
1215167532
1215167527
1215167522
1215167558
1215167521
1215167540
1215167557
1215167530
1215167523
1215167541
1215167534
1215167482
1215167544
1215167543
1215167525
1215167555
1215167574
1215167571
1215167570
1215167548
1215167528
1215167539
1215167562
1215167526
1215167573
1215167542
1215167524
1215167591
1215167545
1215167560
1215167572
1215167550
1215167529
1215167593
1215167586
1215167565
1215167585
1215167547
1215167599
1215167546
1215167567
1215167549
1215167553
1215167563
1215167566
1215167568
1215167551
1215167604
1215167576
1215167552
1215167598
1215167564
1215167569
1215167600
1215167581
1215167578
1215167577
1215167605
1215167579
1215167601
1215167520
1215167537
1215167554
1215167580
1215167559
1215167583
1215167584
1215167575
1215167592
1215167533
1215167536
1215167556
1215167582
1215167561
1215167588
1215167611
1215167594
1215167587
1215167607
1215167535
1215167617
1215167615
1215167531
1215167603
1215167590
1215167595
1215167620
1215167612
1215167589
1215167602
1215167616
1215167619
1215167613
1215167597
1215167626
1215167618
1215167623
1215167633
1215167678
1215167625
1215167614
1215167596
1215167628
1215167663
1215167621
1215167635
1215167637
1215167636
1215167606
1215167627
1215167608
1215167634
1215167610
1215167653
1215167609
1215167641
1215167648
1215167645
1215167644
1215167639
1215167632
1215167638
1215167624
1215167646
1215167650
1215167622
1215167640
1215167643
1215167654
1215167642
1215167651
1215167655
1215167659
1215167662
1215167673
1215167671
1215167701
1215167649
1215167693
1215167675
1215167658
1215167665
1215167657
1215167656
1215167666
1215167668
1215167680
1215167716
1215167705
1215167661
1215167685
1215167667
1215167670
1215167652
1215167664
1215167672
1215167721
1215167745
1215167697
1215167689
1215167669
1215167687
1215167674
1215167694
1215167681
1215167686
1215167683
1215167676
1215167710
1215167692
1215167704
1215167713
1215167684
1215167717
1215167712
1215167730
1215167688
1215167690
1215167695
1215167715
1215167722
1215167731
1215167696
1215167706
1215167698
1215167702
1215167677
1215167709
1215167691
1215167718
1215167707
1215167708
1215167711
1215167660
1215167679
1215167682
1215167699
1215167700
1215167719
1215167732
1215167703
1215167735
1215167744
1215167724
1215167763
1215167750
1215167736
1215167714
1215167743
1215167738
1215167727
1215167734
1215167749
1215167733
1215167764
1215167741
1215167723
1215167774
1215167767
1215167770
1215167728
1215167742
1215167725
1215167751
1215167737
1215167779
1215167753
1215167746
1215167806
1215167755
1215167776
1215167789
1215167798
1215167768
1215167812
1215167773
1215167790
1215167756
1215167775
1215167803
1215167824
1215167781
1215167816
1215167758
1215167780
1215167739
1215167813
1215167778
1215167815
1215167838
1215167833
1215167761
1215167759
1215167784
1215167799
1215167786
1215167787
1215167804
1215167791
1215167820
1215167807
1215167752
1215167809
1215167821
1215167793
1215167754
1215167814
1215167740
1215167827
1215167762
1215167757
1215167796
1215167720
1215167837
1215167747
1215167769
1215167800
1215167802
1215167788
1215167748
1215167823
1215167817
1215167840
1215167826
1215167797
1215167835
1215167772
1215167834
1215167726
1215167805
1215167810
1215167792
1215167729
1215167795
1215167777
1215167794
1215167801
1215167818
1215167839
1215167841
1215167760
1215167771
1215167766
1215167765
1215167782
1215167785
1215167808
1215167783
1215167811
1215167819
1215167825
1215167822
1215167829
1215167828
1215167842
1215167830
1215167832
1215167836
1215167843
1215167831
1215167848
1215167850
1215167853
1215167859
1215167854
1215167862
1215167888
1215167866
1215167861
1215167895
1215167905
1215167867
1215167882
1215167884
1215167904
1215167901
1215167863
1215167847
1215167855
1215167906
1215167852
1215167864
1215167857
1215167878
1215167865
1215167874
1215167860
1215167868
1215167856
1215167887
1215167881
1215167873
1215167892
1215167885
1215167894
1215167845
1215167902
1215167858
1215167872
1215167903
1215167893
1215167851
1215167870
1215167877
1215167875
1215167898
1215167880
1215167871
1215167886
1215167900
1215167876
1215167889
1215167891
1215167879
1215167890
1215167907
1215167844
1215167883
1215167897
1215167846
1215167899
1215167849
1215167911
1215167896
1215167910
1215167922
1215167924
1215167908
1215167913
1215167912
1215167869
1215167916
1215167915
1215167918
1215167938
1215167935
1215167923
1215167950
1215167925
1215167919
1215167933
1215167937
1215167951
1215167930
1215167917
1215167931
1215167914
1215167964
1215167936
1215167945
1215167909
1215167940
1215167921
1215167926
1215167942
1215167928
1215167934
1215167949
1215167948
1215167927
1215167943
1215167954
1215167956
1215167952
1215167946
1215167965
1215167939
1215167958
1215167955
1215167969
1215167959
1215167932
1215167968
1215167961
1215167944
1215167947
1215167953
1215167967
1215167957
1215167962
1215167963
1215167920
1215167929
1215167941
1215167960
1215167966
1215168005
1215167975
1215167970
1215167992
1215167972
1215167974
1215168001
1215167973
1215167995
1215167980
1215167971
1215168031
1215167981
1215167976
1215167977
1215168000
1215168023
1215168016
1215167987
1215167985
1215168020
1215167984
1215167978
1215167986
1215167997
1215167998
1215167988
1215168002
1215167990
1215167999
1215168021
1215168028
1215168003
1215167996
1215168027
1215167991
1215168007
1215167994
1215168014
1215167993
1215168004
1215168008
1215168013
1215168030
1215168015
1215168018
1215168010
1215168009
1215168019
1215168033
1215168017
1215168029
1215168011
1215168026
1215168022
1215168024
1215168032
1215167982
1215168034
1215167989
1215167983
1215168035
1215168012
1215167979
1215168025
1215168047
1215168037
1215168006
1215168052
1215168038
1215168048
1215168065
1215168039
1215168064
1215168043
1215168049
1215168036
1215168094
1215168046
1215168084
1215168053
1215168077
1215168076
1215168041
1215168045
1215168059
1215168051
1215168062
1215168080
1215168090
1215168093
1215168056
1215168063
1215168044
1215168058
1215168067
1215168061
1215168050
1215168083
1215168068
1215168091
1215168055
1215168071
1215168086
1215168081
1215168070
1215168066
1215168060
1215168073
1215168099
1215168078
1215168085
1215168074
1215168069
1215168057
1215168054
1215168079
1215168072
1215168075
1215168096
1215168095
1215168098
1215168097
1215168087
1215168100
1215168088
1215168092
1215168040
1215168042
1215166620
1215166699
1215166683
1215166772
1215166859
